0 0.530273 0.536133 0.117188 0.312500
0 0.400391 0.542969 0.154297 0.300781
0 0.643555 0.538086 0.146484 0.267578
0 0.257324 0.565430 0.241211 0.220703
0 0.214844 0.730469 0.248047 0.169922
0 0.391113 0.728027 0.221680 0.213867
0 0.568359 0.779785 0.146484 0.165039
0 0.760742 0.728516 0.369141 0.150391
0 0.822266 0.340332 0.232422 0.366211
0 0.238770 0.438965 0.178711 0.364258
0 0.790527 0.642578 0.297852 0.167969
0 0.787598 0.560547 0.211914 0.191406
0 0.601074 0.166016 0.157227 0.328125
0 0.443848 0.162598 0.241211 0.317383
0 0.321289 0.170410 0.333984 0.331055
0 0.763672 0.166016 0.179688 0.322266
0 0.245117 0.178223 0.390625 0.331055
