<<<<<<< HEAD
0 0.356934 0.483887 0.512695 0.137695
0 0.419434 0.370605 0.469727 0.223633
0 0.574219 0.248535 0.279297 0.346680
0 0.424316 0.700195 0.477539 0.296875
1 0.838867 0.840820 0.179688 0.318359
=======
0 0.367676 0.484863 0.524414 0.125977
0 0.431641 0.705566 0.445312 0.280273
0 0.593750 0.209473 0.310547 0.370117
0 0.376953 0.618164 0.484375 0.156250
0 0.402832 0.374023 0.450195 0.191406
0 0.517578 0.795410 0.349609 0.317383
0 0.733398 0.208984 0.394531 0.410156
>>>>>>> e5d149367649aedf0603888971aa0ab79ea6a28e
