1 0.323730 0.599121 0.108398 0.157227
1 0.309082 0.406738 0.108398 0.118164
1 0.338379 0.741211 0.145508 0.101562
1 0.483887 0.737793 0.127930 0.116211
1 0.445312 0.414062 0.091797 0.160156
1 0.553711 0.640137 0.125000 0.122070
1 0.542969 0.494629 0.164062 0.090820
1 0.143066 0.813477 0.137695 0.109375
1 0.268066 0.826172 0.145508 0.109375
1 0.439453 0.836426 0.128906 0.110352
1 0.355957 0.923340 0.135742 0.102539
1 0.491211 0.928223 0.177734 0.100586
1 0.194824 0.614746 0.149414 0.137695
1 0.421875 0.175293 0.076172 0.127930
1 0.484863 0.265625 0.077148 0.125000
1 0.562500 0.190918 0.113281 0.155273
1 0.531738 0.113281 0.086914 0.117188
1 0.331543 0.185059 0.098633 0.124023
1 0.174316 0.454590 0.139648 0.124023
